[0.9419509572696244, 0.65623944800606, -0.421490427294017, 1.5637609050283583, 3
.7014489018861263, 3.7628938394659524, 2.020488020178945, 1.1482172603483636, -1
.8010318219996875, 0.604428938369208, 0.23209170299725232, 0.05860755475296249,
-0.10251130293520325, -0.6090011161402626, -0.29164916050113776, 0.2142401531732
228, 2.476797025674614, 1.214983151790849, 2.0540488130670433, 2.107660725885536
7, 0.48907387650934847, 0.09781410592003918, -0.10542131852291409, 0.27589790695
58388, -1.5807824419269003, -3.0584814732269447, 0.10680721995010105, 0.54992938
1109291, 1.8028081986229503, 2.9117436723745826, 0.5264883971523194, 0.245058877
37706117, -1.073491234156052, 0.3472673420086034, -0.38522966286090393, -3.48175
3917779229, -2.418250595729101, 1.0480944896880486, -1.640858254003086, -3.10321
7232279864, -0.26049992998008875, -0.5030817666876934, -1.139846899497983, -0.62
02522442231805, -0.5039610778458283, -0.8578398217218459, -2.2352542506724498, -
0.47402284411352774, -6.568071476670784, 0.22802191843554812, -0.193048198397282
9, 0.2574939504312805, -1.0724209022235185, -2.167575523059755, -1.4963458157912
222, -1.6781888055123177, -2.9329976810260794, -1.0893644577768609, 0.8050090826
477646, 1.0, 0.23650761762583186, 0.9415821722959214, -0.5834528654417133, -2.64
06507503830743, -1.5128515556528472, -1.162134675474029, -2.422176217673978, -1.
2238564929856388, 0.4497857275597476, 1.0, -0.2248529879605111, 0.43112630496297
54, -0.208196273863943, 0.6853844193887244, 0.6967770084385526, 0.05432258191696
7226, -1.3951734587518456, -0.4579999174742372, -4.352510896369062, 0.5938609934
054606, -0.9227480510774942, -1.4074949782875439, -1.172667549097959, -1.1260750
659797703, 0.15403745855743764, -1.2307000914056758, -0.7752568334878139, 1.3437
739193571898, 0.8344094401372074, 0.1487854167609528, -1.0979299974231653, -1.54
67543112524196, 0.28472909960600074, -0.5081044370639524, -0.18053121699654298,
-1.0014246961675448, -0.8390551267172041, 1.0786011026165527, 1.5225251979405354
, 3.4492095537086005, -1.1148862854092234, 0.07477518511166764, 0.78100182578076
46, 1.0989087990205573, 1.4143384462455646, 1.6597147928184188, 1.97827091002329
11, 1.4180892272533738, -0.04766005414273906, -0.048092102282393356, -1.58179593
96209174, 0.1828967091611983, -0.7192285706298689, 1.7251364825351794, 4.5225748
17626933, 3.535979144935298, 2.636478401576275, -0.8416406668828512, -3.27815968
48174117, 0.37393166776058107, -1.8427704721533713, -1.2420755056586128, -0.9402
967959921508, 0.003284035449252428, 1.6267891985880716, 0.321138286391514, -1.91
16996016309682, -2.1391728840084325, -2.254132470570139, 0.5676156519355818, -2.
13601791253055, -1.8948223656036287, -0.4842153962675903, -0.3964106902157807, -
0.891703982634214, -3.971216800858645, -1.6879571154170165, -1.9046603919142349,
 0.2525406243913501, 0.30933337925873133, -2.600100300133953, -1.535419029022823
1, 0.861840950238006, 2.1321006100738846, -0.23924901920153385, -1.8080901661960
729, -1.2085688908808212, -0.5425941056618012, 0.5208941849667221, 0.91107822791
7036, -2.2677403008798698, -0.47388734903585156, 0.2751405102263831, 1.589305807
806944, 0.5071378269043115, -1.1880660218277748, -1.5825964075258239, 0.14339744
867378157, 0.6708829233244354, 0.9090510483402767, -1.5802769463835087, 0.855206
6250489248, 0.44111186892506926, -1.6724951025102905, -0.1430852937326958, -0.92
61919197727729, -0.5603144220406833, 0.507335865112592, -2.9876746023073992, 0.7
252879632471068, -2.0867192103166303, -0.7350377432251123, 1.012240825254071, 0.
3604712971412261, -0.7123659360594095, -0.5400020968066085, -1.0554579080968751,
 -0.3866278910863687, 0.8462473700512064, 1.0, -1.229339227708684, 0.56945626984
95237, 2.337274729958419, 1.2996785346449826, 0.4819077678909415, -0.79390269812
95823, -0.9313737258702612, -0.46615307743430795, 0.8780682837272391, 1.0, -0.28
12501096813872, 1.848917161242474, 0.6782095254062295, -0.8136946006249787, 0.21
50148898206469, -0.699807842293666, -0.300433675769042, 0.3545478747947176, -1.9
69852804236665, 0.8691999408662471, -0.6262767079839979, -0.46034357076638144, 0
.34787122249907376, 0.9319791419965157, 0.08072050477235884, -0.1835599607163683
, -1.1412613349277332, 0.2456716581124166, 0.7273182267797005, 1.070442250526820
7, -0.776116319537778, 0.004736917975237117, 1.2165630107405314, 1.5621214958187
353, -0.6802947616314121, -1.488283181964164, -1.3366640037792896, -0.7500715078
954944, 0.029635278700998705, 0.44069487807365104, -0.5367090732291269, -1.04203
51077133538, 0.24445134184715894, -0.8721633243695943, -2.3875033507836405, -2.7
037617837795995, -2.3851881197965223, -2.2119013508104226, -0.6950969304954677,
0.9503420078699891, -0.10438264175251444, -1.0032025165552712, -0.87264760151956
46, -0.37553107726998153, 0.2435302142704505, 0.35234484051201376, -2.5276781874
9892, -2.6589219579155468, -1.030126693547511, 0.5809819621995815, -1.5059801487
562208, -2.094398084635684, -4.141623815957125, 0.11633078083206805, -0.62345338
86351251, -0.40815861596381825, 1.8160068447488396, 0.6959018592968158, -0.04695
2065002768884, 0.08233271169260997, -0.1075531528690835, 1.3694175672469606, 0.7
877221070086197, 0.23243767382915173, 1.0016910436109705, 2.0119300449681705, 0.
11233231109503028, -0.9605823851100533, -0.13858796612437754, 0.6309844797574801
, 0.20130012451005497, 0.32473473590937313, 1.8219863157540244, 1.03358109324350
74, -0.751231792497854, 0.04171851122382538, 1.7576774271765665, 0.2039595507600
3486, 0.9088462004644844, 0.634316106379435, 0.5988566255452241, 0.9866085854292
318, -0.6893306993586513, -2.579581113796757, -1.3364337730846, 0.48964204830075
936, 1.2260850335433335, -0.696271111203412, 0.4620655759141067, 1.0, -0.3687950
893444905, -1.724890572922791, -0.09126672581440723, 0.17494702293187692, -0.026
56657536153021, 0.1632331361839178, 0.6100331619457144, 1.0682252153651346, 1.16
65731689822758, 0.7940272661517896, 0.31690680839630453, 0.5142699204901358, 0.6
658023999873213, 1.1640753341295644, 1.4286712325003215, 0.6047826837159477, 0.8
266477739913938, -1.4726839457658054, -0.5269292801269417, 1.34407859696607, 1.5
350192357520103, 1.0131119332803789, 0.9218580360653829, 1.4765555831247688, 0.1
474735667897631, -1.8623643722302619, 0.542944894794301, 1.7300169273838577, 0.4
433676826357274, 1.138825468449203, 1.7719809365314008, 1.3211635437769718, -0.6
825900416869333, -2.5766150849088074, -1.5157194876446325, -0.5830795952776964,
0.29452114388501954, 0.6659994847323211, 1.6840713190899788, 1.261268417952716,
-0.8159707811917554, -2.726508888941493, -1.685424882687769, -2.1633595056589963
, -0.2454739375181779, -0.4864581347752507, 1.1813084805690948, 1.77748511288796
4, -1.2278401910447585, -1.6430588894950884, -1.5357417122526444, -1.35345169710
64041, -0.2941248119460727, -0.28952372522583425, 1.3348114590014357, 0.32520587
118950023, -0.24753913723012588, -0.9516132875550977, -0.7849111471650758, -0.68
96759606539881, 1.3698111388136283, 0.7724579518015223, -0.04240676528199818, 0.
38020085758103367, 0.3237418115563661, 0.12636818014434903, 0.17327863485450504,
 1.2075449787441215, 1.170517617742097, 0.1399111363033675, 0.23109702349703384,
 1.0, -0.013026772202817982, -0.034427175088812156, -0.3909683776514207, -0.2470
6356011066816, 0.8317276905120647, 0.7302599897258137, -0.04545878596243686, 0.3
690882987768649, -0.20651537547498033, 0.3490928256132026, -1.042817255543708, 0
.19074384898153368, 0.9481959683761065, 0.9828531507580383, 1.3888096673372736,
-1.1375713758286072, 0.21786584848197374, 0.7067384241490766, 0.4239598736269237
, 0.39658433376327906, 1.39124891937224, -0.14944978425864533, 0.909754301471995
7, 1.999625243216536, 1.215547705142, 1.8270690386541668, 2.2306879181893025, 2.
725504984504271, 1.2620243794711095, 0.7107269360276346, 2.1866847873380824, 1.0
940369324573527, 44.07446060605715]