[1.164946988830409, -0.15841598398196496, -1.1414984611945098, 6.123377524411888
, 4.748842349193447, 4.176093428837565, 0.5389447864136073, 3.087177061579472, -
6.2683171870209335, -0.7706860761717981, -2.244965966263404, -2.2522161785774575
, 1.0751777581944812, -1.07342684585655, 0.940555872359747, 0.12793705502511854,
 1.6547461188119987, 2.8340761167002495, -0.2613700440040077, 5.520493312255356,
 0.6318245558189142, -1.0245345202592884, -0.38956922786020226, 0.83344040767392
12, -1.6027675860416866, -1.9031383638237411, -0.9794179975693807, -1.0899168407
396707, 4.640217838484922, 5.951197843050779, 1.1628686301570454, 3.218882666888
97, -0.9837798221149814, 1.656138332718036, 1.310356292261855, -4.94507162038826
9, -2.605231560492223, 0.9007428051072404, -1.4152641070227836, -0.4149195666723
1583, -4.061738400368119, -1.5603193092932575, -1.7776222042960048, -1.806141759
8265836, -1.5406472346045281, -0.8315360766415765, -1.3816834122178503, -0.83504
97835782908, -7.302231056320287, 0.20558968075714745, -1.992036337489938, 0.2269
9721294246722, -1.707954078017236, -2.244871938557847, -1.5605567616090832, -2.7
90951134599327, -3.1739973577060985, -0.8546491263956889, 0.7376545974578286, 1.
0, 1.8069810136663793, 2.3927520241078257, -1.204301301142049, -3.87384605347981
8, -2.001093089099806, -0.33937905873355095, -1.7938548707878237, -1.22461976782
51958, 0.23919261412762868, 1.0, 0.33380691351686836, 1.2464635788972358, 0.6334
836991340911, 1.898644550882562, 2.029083401998726, 0.8946404636663712, -2.64340
61582479718, -3.172906821914606, -4.987442364222563, 0.5844805636911121, 0.45252
89273450235, -1.334632003325179, -1.574527598328191, -1.8802140995208727, -0.282
6992112535211, -1.9332305811486639, -0.9836530482667207, 2.639838473975963, -0.1
0512177303081467, -0.7907410143914338, 0.03550513842443273, -3.671974550667084,
1.1071421540349191, -1.10670860768193, -0.38121369828868107, -0.5255286839249839
, -1.0996584260025883, 3.2248445680891415, 4.487036663434903, 4.418930255842923,
 -2.1326873911323103, -1.5000052795799488, 0.43539976131490005, 0.09097072544653
04, 1.5249526994608185, 1.7994601331445301, 3.7473057386135014, 7.46013090067670
4, -1.7064491466681202, -1.1253059993567043, -3.5084234734193314, 0.557467319553
1417, -2.7303193164868325, 0.7735173867991503, 5.664465543697012, 3.365598823188
1957, 3.0977533788161518, -0.7428494286981803, -9.511052618310577, -1.6631382036
719022, -3.0437392189174153, -1.5997479875874028, -0.17554776983286347, -0.67692
32970082996, 1.4668596511232996, 0.5498173137507502, -3.4499105069608293, -2.431
06510764452, -3.347417093628333, -0.09936675103819471, -0.7194409109535139, -2.4
766809944862507, 0.5916003126476741, -0.9272076255944062, 0.3680828624192454, -3
.570445642575899, -1.1280887292596877, -2.473865767910289, 0.2948743497328738, -
0.11003718352160038, -2.3227377597335197, -0.21380181372750512, 1.66922792982067
47, 3.8600783836422896, 0.09680588087919759, -1.3130591360588715, -0.62686793807
83232, -0.6476646008233249, 1.6127018807274724, 0.19404862648777285, -2.30301777
65269277, -0.17326101015600107, -1.1581355847599002, 2.602673806332283, 0.406222
9077770794, -0.3661176831536919, -2.0376151669127798, -1.6354110333730694, 0.739
4095873663981, 0.9641322367963153, -1.108736513149504, 0.47390574541351593, 0.01
559199324202019, -2.0692084625738754, 0.11451302929394827, -1.2237435293324304,
-0.9655195892545341, -0.32146754182542747, -3.054215604150962, 0.858038351740963
1, -2.5769879657953703, 0.2085657523629995, 0.14186525677785708, 0.1783151160623
7824, -2.035186874119035, 0.4269699102515655, -2.091991456922388, -2.10678348432
26705, 1.1779416501544127, 1.0, -1.2162251634927108, -0.5997329179038684, 2.4328
99382709115, 1.7664000664523736, 0.1563913397253886, -2.429053658740145, -2.4775
476418435596, -2.7840633059112383, 1.2216805108238693, 1.0, 0.01835857852462443,
 2.094696358135518, 0.1226195786918069, -1.5403203427845453, 1.2126727259568297,
 -3.2858710525150316, -1.6014227778710362, -0.6268425756854498, -1.6246312267186
08, 1.0261226317529315, 0.2522617859090237, -1.3372312871014878, -0.442661419802
7267, 0.48647354523679687, -0.36367028814500907, 0.21749555371409904, -2.0356210
603640994, -0.9172982614510489, 0.8325706587983291, 0.8193762920248984, -0.88858
96637317648, -0.392611646051729, 2.9174197677224396, 1.3561622606050865, -0.2749
631258326547, -1.2343202549535273, -1.0151338150498357, -2.582606023845564, -2.2
465027583574266, -0.4691651570110596, 0.03723861887666623, -2.44897013907851, 1.
472372941142146, -3.3487564965672134, -2.4461029235916962, -1.3233978310145302,
-2.0264268307105704, -3.258723161769398, -4.240030622290342, 2.851499049601018,
-0.9185131143925647, -3.121958517679091, -1.7984455977125526, -0.154686221442238
84, -1.631343196167098, 0.9268060493707951, -2.344507173334832, -4.1125649326504
04, 1.046941885747784, -0.8035229569411165, -0.22256068994454234, 0.090150703819
06355, -1.2868437956169823, 1.3216709400625555, -0.19053771520796026, 0.82576968
62766876, 3.431423149779022, -0.3292955650319045, -0.401739211514787, -0.6879584
234338838, -0.2360577736619651, 1.1035804353071497, 1.1775187133503469, 0.014103
787267158673, 0.30688754418871145, 1.4944294713504291, 0.43916285677988404, -1.3
292207066064379, -0.42724345372233163, 0.41388915259671816, 0.18248945145254544,
 -0.22838433927659385, 4.136317858101482, 0.46755672073853216, -1.74625538664853
89, 0.9668475808002955, 2.1718919023961547, 0.38826457098428985, 0.3369707909555
153, 1.3495247880209067, 0.00033893435877800637, 1.4554403637981614, -0.35429396
53631615, -3.1864062409658085, -1.3732146436273673, 0.4661999930510479, 1.730256
020993022, -1.9051982036559596, 1.4364159743282043, 1.0, -1.436083500294616, -1.
56160094664797, 0.0453738874120267, 0.33840476807672704, -0.13319963322119502, -
0.8362832420235123, -0.17609615751560248, 1.5632111527755408, 1.809452770359039,
 1.113179843563173, 0.8181819111251661, 0.1452681971049946, 0.023328472571339822
, 2.2265602440466217, 2.6523322013861224, 0.24483329115349814, 0.903263898665206
4, -1.581824706332568, -1.5549994753247625, 0.7719041646850459, 1.34753475479529
32, 0.23369203086760354, 0.4346209469020471, 0.5098950164832498, -0.553187877798
5366, -2.3373405385260932, 1.1726752361607282, 2.7564826760162893, 0.59847427832
4675, 1.443467478572751, 2.7926157926471085, 1.1133470905468208, -0.373484338770
87, -2.3172034384121027, -1.4131033877472114, 0.0412099817983362, 0.799088539390
4308, 1.5294907452351387, 1.3265133173770924, 1.7926347821095148, -0.61406456160
93606, -1.8706746872433133, 0.7752294426104361, -2.1895118829858156, 1.639097451
8592822, -0.4562405496426075, 1.5559727613125187, 0.7965487691555803, -0.7582187
393070359, -1.3298078843439254, -0.44656369533020035, -1.321385486321323, 0.1738
4165234721524, -0.795641636382604, 1.7566841772586756, 0.6533148044856829, -0.30
64255351196099, -1.6727437330495114, -1.527753447037966, -2.1876509622575027, 2.
309947399020507, 0.32077854657239824, -0.873822117871044, 2.1235624804586672, 0.
5962819038395913, 0.5104443080864428, -0.98821201971462, 1.6823997938745607, 0.5
03524879994623, 0.6207090179622272, 0.5198741535712771, 1.0, 0.23898516677966258
, 0.05631950624452976, -0.7678214112500243, -0.04482023946101244, 0.280448471935
54, -0.03797690720516481, -1.2759175005250927, 2.015857083236098, -0.38759496289
50036, 1.3114139045165447, -3.2380718969229174, -0.7605013317746733, 2.182795980
796469, 2.1931051958627146, 1.757821129704832, -0.3293447418597408, 0.0913940626
8412106, 0.5869240558257728, -0.6868106899916356, -0.9974370155898254, 0.8418829
925794503, 0.0009001602572682974, -0.9080432820484882, 1.4430997074500234, 0.256
8092095011613, -0.7059627620040321, -0.3053953731450625, 1.2289811471510252, 0.1
4292449535807975, 2.3113962476612095, 3.257565888386416, 0.6290765592894866, 44.
07446060605716]